[{"id": 0, "img_name": "IMG_4027", "width": 4032, "height": 3024, "position": [-1.6588689448988245, -1.6091453751095333, -0.24286662642276774], "rotation": [[0.9960172626730782, 0.009117674756115341, 0.08869318161093533], [-0.011941270538026492, 0.9994369071068294, 0.03135721241871635], [-0.08835733424660527, -0.032291434154842605, 0.9955652890519322]], "fy": 3260.52633288059, "fx": 3260.5263328805886}, {"id": 1, "img_name": "IMG_4028", "width": 4032, "height": 3024, "position": [0.27188886022695985, -1.466257602419201, -0.15597521822386134], "rotation": [[0.9988467075481642, 0.002102120968075205, 0.04796702938089606], [-0.002822071238185745, 0.9998843124645316, 0.014946491269117202], [-0.04793006086078727, -0.015064619967552139, 0.9987370857693801]], "fy": 3260.52633288059, "fx": 3260.5263328805886}, {"id": 2, "img_name": "IMG_4029", "width": 4032, "height": 3024, "position": [2.984314801479997, -1.286917145489562, -0.17917463102552042], "rotation": [[0.9988997960725794, -0.00037717616226195654, -0.04689408432096505], [0.0008726710093849026, 0.9999440061597651, 0.010546231102581577], [0.04688748075412603, -0.010575551205601589, 0.9988441929876898]], "fy": 3260.52633288059, "fx": 3260.5263328805886}, {"id": 3, "img_name": "IMG_4030", "width": 4032, "height": 3024, "position": [4.280805546437566, -0.9944541900707361, 0.1280020766773409], "rotation": [[0.9982238173483121, 0.0002579269910108302, -0.05957469221264111], [-0.00043308141069367285, 0.9999956219962102, -0.002927187883359996], [0.05957367639364993, 0.0029477893547684335, 0.9982195588240419]], "fy": 3260.52633288059, "fx": 3260.5263328805886}, {"id": 4, "img_name": "IMG_4031", "width": 4032, "height": 3024, "position": [4.712050388257271, -0.21499757839044664, 0.05968655980626636], "rotation": [[0.9986679857844326, -0.005492533766143351, -0.051303861863335534], [0.005456344509412312, 0.9999847566661617, -0.0008454229190842134], [0.051307723335371695, 0.000564365258748168, 0.9986827319113891]], "fy": 3260.52633288059, "fx": 3260.5263328805886}, {"id": 5, "img_name": "IMG_4032", "width": 4032, "height": 3024, "position": [2.2013862451383353, -0.2923085111252086, -0.13779151354654706], "rotation": [[0.9999872654993683, -0.000223633259541828, 0.005041708764008252], [0.00021993612826054403, 0.9999997065448646, 0.0007338516770608321], [-0.005041871398135485, -0.0007327334779208138, 0.9999870212330033]], "fy": 3260.52633288059, "fx": 3260.5263328805886}, {"id": 6, "img_name": "IMG_4033", "width": 4032, "height": 3024, "position": [-0.7395368696686748, -0.3891244475577575, -0.29334048257258327], "rotation": [[0.9956192314287944, 0.0005051620293455505, 0.09349914876864278], [-0.000965424617412418, 0.999987639032073, 0.0048774725389759445], [-0.0934955291147378, -0.004946371840498633, 0.9956074123072663]], "fy": 3260.52633288059, "fx": 3260.5263328805886}, {"id": 7, "img_name": "IMG_4035", "width": 4032, "height": 3024, "position": [-4.826437759282015, -0.3697516067413623, 0.0030665364657330944], "rotation": [[0.9763037841010375, 0.014239705068866087, 0.21593552729818802], [-0.014857471579542874, 0.9998888555277647, 0.0012377922441211184], [-0.21589390146147683, -0.004416717211712795, 0.9764068393455743]], "fy": 3260.52633288059, "fx": 3260.5263328805886}, {"id": 8, "img_name": "IMG_4036", "width": 4032, "height": 3024, "position": [-4.766544832985499, 0.7201775982940793, -0.17121011145870968], "rotation": [[0.9794169155184532, 0.009514352069974962, 0.2016233684397908], [-0.005529885184464268, 0.9997783157409792, -0.020315997242999585], [-0.2017719652631795, 0.01878287727744307, 0.9792524074798156]], "fy": 3260.52633288059, "fx": 3260.5263328805886}, {"id": 9, "img_name": "IMG_4037", "width": 4032, "height": 3024, "position": [-1.8168445716176387, 0.4752778663020144, -0.23877629120180496], "rotation": [[0.9932701719877071, 0.004999860002293777, 0.11571243165480577], [-0.0020322835035642625, 0.9996663502039193, -0.02574991444133891], [-0.11580257019285788, 0.025341461479808074, 0.9929489287303731]], "fy": 3260.52633288059, "fx": 3260.5263328805886}, {"id": 10, "img_name": "IMG_4038", "width": 4032, "height": 3024, "position": [0.6997904950907857, 0.536742651813662, -0.130510351852621], "rotation": [[0.9997341466716273, 0.022695835696832107, -0.004066327676816539], [-0.022699281393606347, 0.999742015445677, -0.0008032290019164125], [0.00404704867362868, 0.0008953181769874758, 0.9999914098643025]], "fy": 3260.52633288059, "fx": 3260.5263328805886}, {"id": 11, "img_name": "IMG_4039", "width": 4032, "height": 3024, "position": [2.9816164219263706, 0.5631614663027216, 0.10467256175981442], "rotation": [[0.9982424093820779, 0.023011289344728663, -0.054612935040678046], [-0.023728133087691377, 0.9996401242951856, -0.01251389624691577], [0.05430532028482063, 0.013787764931233194, 0.9984291811275169]], "fy": 3260.52633288059, "fx": 3260.5263328805886}, {"id": 12, "img_name": "IMG_4040", "width": 4032, "height": 3024, "position": [4.955474612548087, 0.5576787621918383, 0.43646988299414446], "rotation": [[0.9956457470289596, 0.012425198333042396, -0.09238593437060362], [-0.016975443132695122, 0.9986725474866119, -0.04863103152359934], [0.0916590462180005, 0.04998757188527204, 0.994534997827337]], "fy": 3260.52633288059, "fx": 3260.5263328805886}, {"id": 13, "img_name": "IMG_4041", "width": 4032, "height": 3024, "position": [5.347479390420026, 1.1768131660044383, 0.5201235971974244], "rotation": [[0.994559245647195, 0.017037170460600312, -0.10276984830376516], [-0.024081796543365508, 0.9974149643916045, -0.06770122512140135], [0.10135074727364571, 0.06980776196377568, 0.9923985602552448]], "fy": 3260.52633288059, "fx": 3260.5263328805886}, {"id": 14, "img_name": "IMG_4026", "width": 4032, "height": 3024, "position": [-3.6791790683678407, -1.6037916160077175, -0.27680206385197215], "rotation": [[0.9896307389644177, 0.02242251555532968, 0.1418739979450485], [-0.02720907939779635, 0.9991210116324039, 0.031888400915795215], [-0.14103427418562145, -0.03541800263726165, 0.9893709610626955]], "fy": 3260.52633288059, "fx": 3260.5263328805886}, {"id": 15, "img_name": "IMG_4034", "width": 4032, "height": 3024, "position": [-3.0226753849979064, -0.38869547238377683, -0.2193148394516984], "rotation": [[0.9864023730304621, 0.004487117106246735, 0.16428701792883033], [-0.0051392908657149315, 0.999980510539907, 0.0035448878324050794], [-0.16426790973671812, -0.004341004540608364, 0.9864062091807351]], "fy": 3260.52633288059, "fx": 3260.5263328805886}, {"id": 16, "img_name": "IMG_4042", "width": 4032, "height": 3024, "position": [3.1325241149827474, 1.474793391582211, 0.3231813761412161], "rotation": [[0.9993220928034552, 0.01103723031034006, -0.03512170813043129], [-0.012827057927684696, 0.9986085835231181, -0.051150400769412865], [0.03450828045328416, 0.05156623372933339, 0.9980731947703682]], "fy": 3260.52633288059, "fx": 3260.5263328805886}, {"id": 17, "img_name": "IMG_4027", "width": 4032, "height": 3024, "position": [-1.6588689448988245, -1.6091453751095333, -0.24286662642276774], "rotation": [[0.9960172626730782, 0.009117674756115341, 0.08869318161093533], [-0.011941270538026492, 0.9994369071068294, 0.03135721241871635], [-0.08835733424660527, -0.032291434154842605, 0.9955652890519322]], "fy": 3260.52633288059, "fx": 3260.5263328805886}, {"id": 18, "img_name": "IMG_4036", "width": 4032, "height": 3024, "position": [-4.766544832985499, 0.7201775982940793, -0.17121011145870968], "rotation": [[0.9794169155184532, 0.009514352069974962, 0.2016233684397908], [-0.005529885184464268, 0.9997783157409792, -0.020315997242999585], [-0.2017719652631795, 0.01878287727744307, 0.9792524074798156]], "fy": 3260.52633288059, "fx": 3260.5263328805886}, {"id": 19, "img_name": "IMG_4045", "width": 4032, "height": 3024, "position": [-3.881079017887374, 1.7366588937817466, 0.7925995830347445], "rotation": [[0.9824011047482776, -0.042716349021364584, 0.18183339329080514], [0.053040405080743945, 0.9972220319923056, -0.052296599679208314], [-0.17909434613698513, 0.0610207541367832, 0.9819377183642268]], "fy": 3260.52633288059, "fx": 3260.5263328805886}, {"id": 20, "img_name": "IMG_4026", "width": 4032, "height": 3024, "position": [-3.6791790683678407, -1.6037916160077175, -0.27680206385197215], "rotation": [[0.9896307389644177, 0.02242251555532968, 0.1418739979450485], [-0.02720907939779635, 0.9991210116324039, 0.031888400915795215], [-0.14103427418562145, -0.03541800263726165, 0.9893709610626955]], "fy": 3260.52633288059, "fx": 3260.5263328805886}, {"id": 21, "img_name": "IMG_4034", "width": 4032, "height": 3024, "position": [-3.0226753849979064, -0.38869547238377683, -0.2193148394516984], "rotation": [[0.9864023730304621, 0.004487117106246735, 0.16428701792883033], [-0.0051392908657149315, 0.999980510539907, 0.0035448878324050794], [-0.16426790973671812, -0.004341004540608364, 0.9864062091807351]], "fy": 3260.52633288059, "fx": 3260.5263328805886}, {"id": 22, "img_name": "IMG_4042", "width": 4032, "height": 3024, "position": [3.1325241149827474, 1.474793391582211, 0.3231813761412161], "rotation": [[0.9993220928034552, 0.01103723031034006, -0.03512170813043129], [-0.012827057927684696, 0.9986085835231181, -0.051150400769412865], [0.03450828045328416, 0.05156623372933339, 0.9980731947703682]], "fy": 3260.52633288059, "fx": 3260.5263328805886}]